# Temporal histogram for FROST_250x250_sipms_41_2boards.h5
# Total simulated events: 1,000,000
# Total detected photons: 113,481
# WLS-shifted photons: 112,420
#
# Columns: time_ns | wls_shifted_counts
#
0.012500	0
0.037500	0
0.062500	2
0.087500	2
0.112500	5
0.137500	4
0.162500	11
0.187500	8
0.212500	26
0.237500	26
0.262500	23
0.287500	18
0.312500	33
0.337500	37
0.362500	47
0.387500	50
0.412500	69
0.437500	66
0.462500	88
0.487500	79
0.512500	86
0.537500	97
0.562500	126
0.587500	122
0.612500	119
0.637500	148
0.662500	153
0.687500	168
0.712500	156
0.737500	219
0.762500	176
0.787500	213
0.812500	205
0.837500	178
0.862500	257
0.887500	250
0.912500	252
0.937500	253
0.962500	254
0.987500	272
1.012500	287
1.037500	330
1.062500	308
1.087500	348
1.112500	356
1.137500	348
1.162500	363
1.187500	373
1.212500	390
1.237500	369
1.262500	377
1.287500	421
1.312500	409
1.337500	403
1.362500	436
1.387500	447
1.412500	426
1.437500	441
1.462500	507
1.487500	466
1.512500	477
1.537500	537
1.562500	499
1.587500	522
1.612500	577
1.637500	545
1.662500	515
1.687500	533
1.712500	568
1.737500	531
1.762500	553
1.787500	581
1.812500	573
1.837500	557
1.862500	604
1.887500	630
1.912500	601
1.937500	586
1.962500	593
1.987500	625
2.012500	642
2.037500	646
2.062500	617
2.087500	609
2.112500	622
2.137500	691
2.162500	642
2.187500	630
2.212500	705
2.237500	670
2.262500	638
2.287500	636
2.312500	641
2.337500	656
2.362500	660
2.387500	670
2.412500	660
2.437500	644
2.462500	638
2.487500	644
2.512500	650
2.537500	620
2.562500	678
2.587500	614
2.612500	644
2.637500	612
2.662500	635
2.687500	675
2.712500	616
2.737500	633
2.762500	664
2.787500	621
2.812500	635
2.837500	627
2.862500	609
2.887500	681
2.912500	608
2.937500	649
2.962500	644
2.987500	607
3.012500	596
3.037500	566
3.062500	593
3.087500	573
3.112500	570
3.137500	553
3.162500	621
3.187500	551
3.212500	608
3.237500	594
3.262500	569
3.287500	537
3.312500	592
3.337500	545
3.362500	534
3.387500	551
3.412500	584
3.437500	533
3.462500	588
3.487500	580
3.512500	550
3.537500	518
3.562500	502
3.587500	523
3.612500	532
3.637500	505
3.662500	495
3.687500	490
3.712500	503
3.737500	500
3.762500	458
3.787500	442
3.812500	522
3.837500	497
3.862500	454
3.887500	476
3.912500	490
3.937500	485
3.962500	449
3.987500	484
4.012500	497
4.037500	457
4.062500	424
4.087500	447
4.112500	442
4.137500	424
4.162500	436
4.187500	448
4.212500	421
4.237500	438
4.262500	382
4.287500	410
4.312500	423
4.337500	372
4.362500	391
4.387500	383
4.412500	392
4.437500	404
4.462500	363
4.487500	388
4.512500	391
4.537500	382
4.562500	365
4.587500	347
4.612500	382
4.637500	393
4.662500	347
4.687500	358
4.712500	315
4.737500	335
4.762500	349
4.787500	323
4.812500	375
4.837500	347
4.862500	304
4.887500	309
4.912500	346
4.937500	300
4.962500	328
4.987500	327
5.012500	307
5.037500	293
5.062500	297
5.087500	317
5.112500	277
5.137500	289
5.162500	308
5.187500	291
5.212500	303
5.237500	275
5.262500	272
5.287500	284
5.312500	262
5.337500	246
5.362500	245
5.387500	248
5.412500	259
5.437500	246
5.462500	234
5.487500	239
5.512500	224
5.537500	254
5.562500	217
5.587500	207
5.612500	221
5.637500	232
5.662500	257
5.687500	247
5.712500	213
5.737500	242
5.762500	207
5.787500	212
5.812500	214
5.837500	204
5.862500	205
5.887500	182
5.912500	225
5.937500	192
5.962500	211
5.987500	215
6.012500	188
6.037500	158
6.062500	170
6.087500	182
6.112500	171
6.137500	203
6.162500	193
6.187500	169
6.212500	161
6.237500	176
6.262500	147
6.287500	171
6.312500	173
6.337500	143
6.362500	180
6.387500	145
6.412500	137
6.437500	163
6.462500	127
6.487500	167
6.512500	164
6.537500	142
6.562500	165
6.587500	141
6.612500	126
6.637500	145
6.662500	131
6.687500	149
6.712500	143
6.737500	153
6.762500	139
6.787500	106
6.812500	144
6.837500	137
6.862500	137
6.887500	109
6.912500	99
6.937500	145
6.962500	118
6.987500	126
7.012500	110
7.037500	119
7.062500	127
7.087500	92
7.112500	121
7.137500	109
7.162500	118
7.187500	104
7.212500	112
7.237500	108
7.262500	102
7.287500	107
7.312500	107
7.337500	98
7.362500	95
7.387500	98
7.412500	105
7.437500	110
7.462500	113
7.487500	87
7.512500	105
7.537500	102
7.562500	89
7.587500	90
7.612500	90
7.637500	94
7.662500	70
7.687500	71
7.712500	78
7.737500	73
7.762500	83
7.787500	84
7.812500	70
7.837500	81
7.862500	74
7.887500	74
7.912500	66
7.937500	67
7.962500	75
7.987500	66
8.012500	59
8.037500	71
8.062500	72
8.087500	53
8.112500	59
8.137500	76
8.162500	71
8.187500	68
8.212500	65
8.237500	57
8.262500	68
8.287500	66
8.312500	51
8.337500	65
8.362500	44
8.387500	75
8.412500	57
8.437500	55
8.462500	57
8.487500	50
8.512500	57
8.537500	50
8.562500	53
8.587500	37
8.612500	54
8.637500	63
8.662500	47
8.687500	55
8.712500	60
8.737500	42
8.762500	51
8.787500	45
8.812500	62
8.837500	43
8.862500	35
8.887500	52
8.912500	41
8.937500	42
8.962500	53
8.987500	47
9.012500	46
9.037500	48
9.062500	57
9.087500	51
9.112500	52
9.137500	43
9.162500	40
9.187500	38
9.212500	51
9.237500	43
9.262500	43
9.287500	34
9.312500	38
9.337500	41
9.362500	47
9.387500	38
9.412500	34
9.437500	39
9.462500	34
9.487500	34
9.512500	28
9.537500	34
9.562500	26
9.587500	33
9.612500	25
9.637500	27
9.662500	32
9.687500	23
9.712500	32
9.737500	26
9.762500	29
9.787500	32
9.812500	22
9.837500	28
9.862500	39
9.887500	32
9.912500	30
9.937500	27
9.962500	26
9.987500	25
10.012500	35
10.037500	29
10.062500	31
10.087500	29
10.112500	33
10.137500	25
10.162500	25
10.187500	28
10.212500	22
10.237500	22
10.262500	20
10.287500	20
10.312500	31
10.337500	25
10.362500	23
10.387500	30
10.412500	21
10.437500	24
10.462500	18
10.487500	28
10.512500	25
10.537500	20
10.562500	27
10.587500	36
10.612500	23
10.637500	21
10.662500	20
10.687500	20
10.712500	24
10.737500	22
10.762500	31
10.787500	19
10.812500	23
10.837500	13
10.862500	23
10.887500	12
10.912500	24
10.937500	20
10.962500	10
10.987500	14
11.012500	17
11.037500	15
11.062500	17
11.087500	12
11.112500	18
11.137500	20
11.162500	15
11.187500	15
11.212500	25
11.237500	19
11.262500	19
11.287500	19
11.312500	13
11.337500	11
11.362500	9
11.387500	13
11.412500	16
11.437500	15
11.462500	18
11.487500	13
11.512500	14
11.537500	20
11.562500	12
11.587500	16
11.612500	14
11.637500	10
11.662500	10
11.687500	16
11.712500	15
11.737500	16
11.762500	14
11.787500	11
11.812500	13
11.837500	13
11.862500	10
11.887500	13
11.912500	18
11.937500	15
11.962500	11
11.987500	15
12.012500	17
12.037500	12
12.062500	14
12.087500	10
12.112500	10
12.137500	10
12.162500	13
12.187500	15
12.212500	12
12.237500	7
12.262500	14
12.287500	14
12.312500	18
12.337500	10
12.362500	12
12.387500	9
12.412500	11
12.437500	10
12.462500	11
12.487500	9
12.512500	14
12.537500	7
12.562500	13
12.587500	11
12.612500	7
12.637500	11
12.662500	11
12.687500	8
12.712500	10
12.737500	6
12.762500	7
12.787500	9
12.812500	6
12.837500	9
12.862500	14
12.887500	9
12.912500	5
12.937500	10
12.962500	5
12.987500	10
13.012500	7
13.037500	9
13.062500	6
13.087500	8
13.112500	6
13.137500	6
13.162500	6
13.187500	13
13.212500	6
13.237500	5
13.262500	13
13.287500	11
13.312500	9
13.337500	4
13.362500	9
13.387500	6
13.412500	12
13.437500	7
13.462500	10
13.487500	3
13.512500	11
13.537500	8
13.562500	6
13.587500	4
13.612500	4
13.637500	7
13.662500	9
13.687500	10
13.712500	4
13.737500	8
13.762500	6
13.787500	3
13.812500	10
13.837500	8
13.862500	8
13.887500	8
13.912500	7
13.937500	11
13.962500	10
13.987500	15
14.012500	4
14.037500	7
14.062500	3
14.087500	7
14.112500	5
14.137500	3
14.162500	8
14.187500	6
14.212500	5
14.237500	6
14.262500	7
14.287500	3
14.312500	8
14.337500	5
14.362500	4
14.387500	6
14.412500	3
14.437500	6
14.462500	7
14.487500	2
14.512500	8
14.537500	11
14.562500	5
14.587500	6
14.612500	7
14.637500	3
14.662500	6
14.687500	8
14.712500	6
14.737500	3
14.762500	4
14.787500	2
14.812500	3
14.837500	6
14.862500	3
14.887500	5
14.912500	2
14.937500	2
14.962500	3
14.987500	4
15.012500	6
15.037500	1
15.062500	5
15.087500	4
15.112500	4
15.137500	4
15.162500	4
15.187500	7
15.212500	2
15.237500	2
15.262500	2
15.287500	5
15.312500	4
15.337500	3
15.362500	7
15.387500	3
15.412500	5
15.437500	4
15.462500	3
15.487500	5
15.512500	2
15.537500	8
15.562500	6
15.587500	6
15.612500	2
15.637500	4
15.662500	6
15.687500	3
15.712500	6
15.737500	3
15.762500	3
15.787500	3
15.812500	4
15.837500	7
15.862500	4
15.887500	5
15.912500	1
15.937500	4
15.962500	3
15.987500	5
16.012500	6
16.037499	3
16.062500	2
16.087501	3
16.112500	3
16.137500	2
16.162499	2
16.187500	9
16.212501	6
16.237500	3
16.262500	1
16.287499	1
16.312500	4
16.337501	2
16.362500	3
16.387500	6
16.412499	0
16.437500	0
16.462501	4
16.487500	1
16.512500	3
16.537499	7
16.562500	3
16.587501	1
16.612500	2
16.637500	5
16.662499	0
16.687500	1
16.712501	4
16.737500	6
16.762500	1
16.787499	1
16.812500	1
16.837501	6
16.862500	1
16.887500	2
16.912499	0
16.937500	0
16.962501	2
16.987500	3
17.012500	3
17.037499	2
17.062500	2
17.087501	8
17.112500	10
17.137500	4
17.162499	1
17.187500	2
17.212501	2
17.237500	4
17.262500	3
17.287499	1
17.312500	6
17.337501	5
17.362500	1
17.387500	3
17.412499	3
17.437500	2
17.462501	2
17.487500	5
17.512500	2
17.537499	6
17.562500	3
17.587501	3
17.612500	2
17.637500	2
17.662499	3
17.687500	0
17.712501	1
17.737500	2
17.762500	4
17.787499	3
17.812500	4
17.837501	2
17.862500	2
17.887500	3
17.912499	3
17.937500	3
17.962501	4
17.987500	1
18.012500	1
18.037499	1
18.062500	3
18.087501	3
18.112500	5
18.137500	0
18.162499	1
18.187500	1
18.212501	3
18.237500	3
18.262500	4
18.287499	1
18.312500	2
18.337501	1
18.362500	1
18.387500	3
18.412499	4
18.437500	4
18.462501	2
18.487500	2
18.512500	1
18.537499	2
18.562500	2
18.587501	4
18.612500	1
18.637500	2
18.662499	0
18.687500	1
18.712501	2
18.737500	1
18.762500	2
18.787499	1
18.812500	3
18.837501	0
18.862500	2
18.887500	4
18.912499	1
18.937500	1
18.962501	3
18.987500	2
19.012500	0
19.037499	5
19.062500	2
19.087501	5
19.112500	0
19.137500	1
19.162499	1
19.187500	0
19.212501	3
19.237500	3
19.262500	1
19.287499	3
19.312500	3
19.337501	3
19.362500	4
19.387500	1
19.412499	1
19.437500	0
19.462501	1
19.487500	1
19.512500	0
19.537499	1
19.562500	3
19.587501	2
19.612500	2
19.637500	1
19.662499	1
19.687500	2
19.712501	0
19.737500	2
19.762500	0
19.787499	0
19.812500	1
19.837501	1
19.862500	1
19.887500	2
19.912499	3
19.937500	1
19.962501	4
19.987500	3
