-1.585680412736981820e-02
5.154644116600323039e-02
-2.939237954466183966e-02
3.737460880701011512e-02
3.041816117375997948e-03
2.004363525061112535e-03
1.917030256479420464e-02
6.236328316272244689e-03
6.131636194900531855e-02
7.343782058195343077e-02
1.073263992028986868e-01
2.085027471002771082e-01
4.363579534564465678e-01
2.417547590175698424e+00
7.533809982906874758e+00
1.319521434160179219e+01
1.635970703912400737e+01
1.691160089988792237e+01
1.604848163914530090e+01
1.452329171062135593e+01
1.288174424359433168e+01
1.124048613623496351e+01
9.593010030552568068e+00
8.459312523019194785e+00
7.583599011053385297e+00
6.910918137851941978e+00
6.535763197396707191e+00
6.390373493513274106e+00
6.333266699948069345e+00
6.093200711600201380e+00
6.146804477835105196e+00
6.213820139657697972e+00
6.110873490713006895e+00
5.899798747055324810e+00
5.818481224200932722e+00
5.928762490486104042e+00
5.953765075905454118e+00
6.099932631191953725e+00
6.320349471784694195e+00
6.376792734531478324e+00
6.459783521352616908e+00
6.483271761392384036e+00
6.524216307179325547e+00
6.600262846903190095e+00
6.540251519593133445e+00
6.622770010740869573e+00
6.731671816654968055e+00
6.906560284817228279e+00
6.852888794979349107e+00
6.827933200924561241e+00
7.021228350900140747e+00
7.067103735790513319e+00
6.976807582687975184e+00
7.054416684316089814e+00
7.117948719550341252e+00
7.114179738696067901e+00
7.101802201740588849e+00
7.178341406229640675e+00
7.273260999742650057e+00
7.185264281218681326e+00
7.177420522219636112e+00
7.349982949722204673e+00
7.287356192788029929e+00
7.282883974106034941e+00
7.209833851641520575e+00
7.360149913452254111e+00
7.294579101402291599e+00
7.262993053451940462e+00
7.193989425660983095e+00
7.378306138467054076e+00
7.275212091746574572e+00
7.228883991333920456e+00
7.348074923880365539e+00
7.269754693380420463e+00
7.216180372007009680e+00
7.223807190499228703e+00
7.370471429153325538e+00
7.206238923502734650e+00
7.161522086857448066e+00
7.225158595011632379e+00
7.276486837242956085e+00
7.180249741110797501e+00
7.052270323130625407e+00
7.163706263423445186e+00
7.095480622378994795e+00
7.138009539840811435e+00
7.035631097260910849e+00
7.045720334557352693e+00
7.016298018965495764e+00
6.976619060565075969e+00
6.977864037445445256e+00
6.915663323441002319e+00
6.927838715732526964e+00
6.789891658895816917e+00
6.874729305603272778e+00
6.825132997567764370e+00
6.862330049226349260e+00
6.791868569812767653e+00
6.744260270451524875e+00
6.821265673831327980e+00
6.738210671993837053e+00
6.651470210316192677e+00
6.542579984937937354e+00
6.585332410529096236e+00
6.572010101620500144e+00
6.544823469115471859e+00
6.545778006517626757e+00
6.547870616776539698e+00
6.384050497864241613e+00
6.468869591810546105e+00
6.375802384654322807e+00
6.181991668193766998e+00
6.254472148096541950e+00
6.224396754567456114e+00
6.381693190339378319e+00
6.096402808243057692e+00
6.136627208999353655e+00
6.232781208707558029e+00
6.160991554431467954e+00
6.019204239557092606e+00
5.937657260349128663e+00
6.061620847022772374e+00
5.888445025332945448e+00
5.799839276832186918e+00
5.945152359694928279e+00
5.872175530210019367e+00
5.885041922633294398e+00
5.589880615181108681e+00
5.834638950054711337e+00
5.648558228791302760e+00
5.654622792949298926e+00
5.493235311996087944e+00
5.614295164488409817e+00
5.623923053695535579e+00
5.470849644790402699e+00
5.321366286869396056e+00
5.495430306214248439e+00
5.347246222569419061e+00
5.315548639846336521e+00
5.154909985248621318e+00
5.335910661469966065e+00
5.262308474561679716e+00
5.170479247813201340e+00
5.121848466994747717e+00
5.085247371413817774e+00
5.094441373358270297e+00
5.016134600558848966e+00
5.042982711248798822e+00
4.993451692531884589e+00
5.016118277682347859e+00
4.806234216121841207e+00
4.760889549465467496e+00
4.974468531930344106e+00
4.690221252428985466e+00
4.674958340966411718e+00
4.533376453654568650e+00
4.758546666422078353e+00
4.612175512977669811e+00
4.502918784451221512e+00
4.503708385135364090e+00
4.517592874536302539e+00
4.598550665203322119e+00
4.330981141577378679e+00
4.318177229774497583e+00
4.495806747897937328e+00
4.296755155865775500e+00
4.220738963486064144e+00
4.277078592794118173e+00
4.278986875821725100e+00
4.142715614804124868e+00
4.078959978080026971e+00
4.227944788260888487e+00
4.114006794215021579e+00
3.886749996295654430e+00
4.084443025213055911e+00
4.123451342308195322e+00
3.854470013576238419e+00
3.767323603842729351e+00
3.984726434993203004e+00
3.917093149597697721e+00
3.737248763415482955e+00
3.794071737326227822e+00
3.836989656427518991e+00
3.714915997463586361e+00
3.588141623570601624e+00
3.658306707472478436e+00
3.765478035637285004e+00
3.675754092703023446e+00
3.445492206825971682e+00
3.581226555257269517e+00
3.540438339748570140e+00
3.542845455814822131e+00
3.371626745702371863e+00
3.407807215108720200e+00
3.427120327005022560e+00
3.380347200748643921e+00
3.237638588947748808e+00
3.191411426981411559e+00
3.264290714398813797e+00
3.249493778978558289e+00
3.241879658581928947e+00
3.042349567268392008e+00
3.245695798923792008e+00
3.166113058401233804e+00
3.066532115517044854e+00
2.982239353577045282e+00
3.032454551405440402e+00
3.084396860547424790e+00
2.978071898044616805e+00
2.907018387234399093e+00
3.016495336516552328e+00
3.006271256750818299e+00
2.869779056937392880e+00
2.814950026189640742e+00
2.867034790062511274e+00
2.813203878046180773e+00
2.764301286888325659e+00
2.715391311850942291e+00
2.715391179576285730e+00
2.720428282314918622e+00
2.733526407133232361e+00
2.599259332671398859e+00
2.633298916922153232e+00
2.673230041329380580e+00
2.622127897377960704e+00
2.479608222962222719e+00
2.483716535462285435e+00
2.554713329542735334e+00
2.480095084379839498e+00
2.495210888398289306e+00
2.385323720352373833e+00
2.467947740452214322e+00
2.499108239284995925e+00
2.382686095702534423e+00
2.373409380849022199e+00
2.323483033128284969e+00
2.285993140098308452e+00
2.316441568064976586e+00
2.254286919767548802e+00
2.178138786725732245e+00
2.260537811674401709e+00
2.239611184437796165e+00
2.146685687817026622e+00
2.206459762303864203e+00
2.174891036126056498e+00
2.142001273766823921e+00
2.081016510726501512e+00
2.086343537639054002e+00
2.077031595600496772e+00
2.012790879961192658e+00
2.045994497474855844e+00
2.012358324026781720e+00
2.029332308748077018e+00
2.087273348148644736e+00
1.961460561735701047e+00
1.874062667471057209e+00
1.886682246398549312e+00
1.932427017704485772e+00
1.892982179869026726e+00
1.829566612194064357e+00
1.853980307650029857e+00
1.808025728772216123e+00
1.849869066743863089e+00
1.771431588521108269e+00
1.786185382876149141e+00
1.763755211926314015e+00
1.781586845925470675e+00
1.713954890055750413e+00
1.642903255150787833e+00
1.711711031849102893e+00
1.718869571134117313e+00
1.653741769296256603e+00
1.656409528845195656e+00
1.703775550251158233e+00
1.631901111985624597e+00
1.624639558372535708e+00
1.576132620824230113e+00
1.540521153851206027e+00
1.546862230004246275e+00
1.600152330590389527e+00
1.543185688849927351e+00
1.473023875971495533e+00
1.492178410719509518e+00
1.489919598829022140e+00
1.419085247715404785e+00
1.438096974555942209e+00
1.436705918243391444e+00
1.438814824268237258e+00
1.437255108694567962e+00
1.391205714148935790e+00
1.444698217215436120e+00
1.397052611753230922e+00
1.316986617745041555e+00
1.429757252058019290e+00
1.328101450158365227e+00
1.398425850880186783e+00
1.312958158875744630e+00
1.306178568920221661e+00
1.308317688520136191e+00
1.280521906526766118e+00
1.297179390366682172e+00
1.221968079562871790e+00
1.216043866910485827e+00
1.164519912628629861e+00
1.246211875639730238e+00
1.287478707305841352e+00
1.207501267956186730e+00
1.204065077614383972e+00
1.178746097072885801e+00
1.237371245705888967e+00
1.070678428133160054e+00
1.161069882086202210e+00
1.092041190645574256e+00
1.208197300915048844e+00
1.086151661975512717e+00
1.158948165349697135e+00
1.089239075841198723e+00
1.074258600712799216e+00
1.088038188521899707e+00
1.059346446399790809e+00
1.092894154646218530e+00
9.999922532101687134e-01
1.076939669651025389e+00
9.403561917587935914e-01
1.074534711410342513e+00
1.048324388461053802e+00
9.192825191752542757e-01
1.024705747823471569e+00
9.972753394050968279e-01
9.725686830082970191e-01
9.210701511458624369e-01
9.703441436306415868e-01
9.243776781944338383e-01
9.724811193457422176e-01
9.484504927149943754e-01
9.050907688911050686e-01
9.177083004015010870e-01
9.225248654945935600e-01
9.326697232172213026e-01
8.786521428624526342e-01
9.169172543381671758e-01
8.609928462200135968e-01
8.472000803533281665e-01
8.588026179162265850e-01
8.872925599940186814e-01
7.992658577932414410e-01
8.219968115074589576e-01
8.945151288730255335e-01
7.760409550491261799e-01
8.458112821673365866e-01
7.722233924745730560e-01
7.473542733251550274e-01
8.139802578134180955e-01
7.137458204315751953e-01
8.356425475131442626e-01
7.768618581847783755e-01
7.701891654204005011e-01
7.357214612075373417e-01
8.024876022845731649e-01
7.250266351745652260e-01
7.370395747944692433e-01
7.201904107564394142e-01
7.111752469302161650e-01
7.027056059087228856e-01
6.970917096999198481e-01
6.931792903058476840e-01
6.934085496691679840e-01
7.254370809305829004e-01
5.978906612341458038e-01
7.308770611698991448e-01
6.190878589005665011e-01
6.293241878234994147e-01
6.371629298884532444e-01
6.990506148704804801e-01
6.161134383253168423e-01
5.880581134207104599e-01
6.683715048508566126e-01
6.510121859726699656e-01
6.218205310896554039e-01
5.707920458857551615e-01
5.798588389435200829e-01
6.223829392990022358e-01
6.204288150401827684e-01
5.624118870154208860e-01
5.759713174997912466e-01
6.397255936894845618e-01
5.038100414012590678e-01
5.954451282174028082e-01
5.035021520694216157e-01
5.755434268769159534e-01
6.026379183419323660e-01
5.194829323275356181e-01
5.171420695520789756e-01
4.510752898241996989e-01
5.597569365115441231e-01
4.800540591276418190e-01
6.032886722048340644e-01
5.245869084409152672e-01
5.036660752048360834e-01
4.291100817783241594e-01
5.651187644328203863e-01
5.328892997922645147e-01
4.033826088142770661e-01
4.977042549156334150e-01
4.854882132830629082e-01
4.739646031049109531e-01
4.138411707096415482e-01
4.931552058576542108e-01
4.430549323337421574e-01
4.818192399328927733e-01
4.006031748023974881e-01
4.445747361681330334e-01
4.732247990091076328e-01
3.912795509366030489e-01
4.247961401210247345e-01
4.195908564294427157e-01
4.106628653428744391e-01
4.139191057851427380e-01
5.283508173851212408e-01
3.984002885303979391e-01
4.165967985007041352e-01
4.281586042448508600e-01
4.371466769976919964e-01
4.252573371551041648e-01
4.298953324338630200e-01
3.510921026338050255e-01
3.779671815443203520e-01
3.668385568458529256e-01
3.754810433409894732e-01
4.262412132461489978e-01
3.446009000939588840e-01
4.088499108560433859e-01
3.308971431166354837e-01
3.458520025734964642e-01
3.720251501914468850e-01
3.714153630999846856e-01
3.710113980937228551e-01
2.898228327555040229e-01
3.893194081191181932e-01
3.456537113751765311e-01
3.240192726937750067e-01
3.744011962796906512e-01
3.268463592295827724e-01
4.091415813571502857e-01
2.323214617300756180e-01
3.430214849575470848e-01
2.720409382301899881e-01
3.077965297203327788e-01
3.271705458062809657e-01
3.245744996406427219e-01
3.107762399910262152e-01
3.519227917560701080e-01
2.827787474175591509e-01
3.540025246168176376e-01
2.528993758530050928e-01
2.783615847029796697e-01
2.636649348964279493e-01
2.848724155469545272e-01
3.134945785560167564e-01
2.436561794663388292e-01
2.911979123359956234e-01
3.095116254860315608e-01
3.400320604235642641e-01
2.603691832399503969e-01
2.682598672955512908e-01
2.113148929290036282e-01
2.815371257957893225e-01
1.925031556840203217e-01
2.977069081191808797e-01
2.393248513862692162e-01
2.737613369575017108e-01
2.398013073276948626e-01
3.032729074929136903e-01
2.298418630090286185e-01
2.044470034545801118e-01
2.427218605133127094e-01
2.267245262631545633e-01
1.401887447149116339e-01
3.042367225461937164e-01
2.086030403160820945e-01
2.468630454679664465e-01
2.495554289516816737e-01
2.450519861053727377e-01
2.171913377958298585e-01
1.685432401137068326e-01
2.418704368888599798e-01
2.273953325959717220e-01
2.264639978670950904e-01
1.642207909813054867e-01
2.441420676279460189e-01
1.941770612807846574e-01
2.361996011919495209e-01
1.552473746623150019e-01
1.704338147498111189e-01
2.317899406955427066e-01
2.052830354403606394e-01
2.606033571297701745e-01
1.999929484519867018e-01
1.430161416999730095e-01
1.620889768026220479e-01
1.814861728789672890e-01
1.952599352373052544e-01
1.364984664719413043e-01
2.104053195355896355e-01
1.880113160551785678e-01
1.211221378545537797e-01
1.528302732346148440e-01
1.975202491266196403e-01
1.964788564349300437e-01
1.518836244838306093e-01
1.167253937201950115e-01
1.770179807937885541e-01
1.570263352207799668e-01
1.883485215279769587e-01
1.250748607556170233e-01
1.403260596873855681e-01
2.025546742943932499e-01
1.231019347623113352e-01
1.503461903385974463e-01
1.456643018337564210e-01
1.719625942628305870e-01
1.757644834241713638e-01
1.087350405132101600e-01
1.676707455471751207e-01
1.334089740217186959e-01
1.261511334492071423e-01
1.486480668483465550e-01
1.063272031930983241e-01
1.784025847722098546e-01
1.379229512110997924e-01
1.402826237537150578e-01
1.173967676467636972e-01
1.102451196059473781e-01
1.578291149979540176e-01
1.058933862344871163e-01
8.025668773693613034e-02
1.560855134646531583e-01
8.820315634250283643e-02
1.265131694615216906e-01
1.470297119005291586e-01
6.372985407839934502e-02
1.462280100101160940e-01
1.220748773087228789e-01
1.013781518643389057e-01
9.642610740644669276e-02
1.938165877726775177e-01
3.985848728709146666e-02
1.415246791987786190e-01
1.017414373240807940e-01
8.208934509060117346e-02
9.827967956001691652e-02
1.369482453568242608e-01
1.281752974275857937e-01
9.162298369326254965e-02
1.459787220819269704e-01
6.664633096946923074e-02
8.724466700513579254e-02
5.736448978030021795e-02
1.063236017232240815e-01
9.852174512954581242e-02
6.430105991332979443e-02
1.404764350684885588e-01
4.477166807869982501e-02
1.099058630954664051e-01
1.435992638279841027e-01
8.877464312963335991e-02
5.955858225719892068e-02
9.047564671471559905e-02
6.645131909081880561e-02
8.425975130247026490e-02
6.472102447013330928e-02
5.180457557326328261e-02
5.876907293464459642e-02
1.464776808115598183e-01
5.736359437888364360e-02
1.356796859045470982e-01
6.608809001624416091e-02
8.152791834483782973e-02
4.856664099232194109e-02
6.744232569999464300e-02
6.614464740255546205e-02
7.909447690682111509e-02
8.950768961935030854e-02
3.103248640094226005e-02
1.089263254551778998e-01
7.870142806775480560e-02
6.806805980523637778e-02
4.723829762850590558e-02
8.715119532342972819e-02
7.012548742051920303e-02
3.561116608543343082e-02
5.008413024094312410e-02
5.615240795088646125e-02
1.046109022116151199e-01
2.194382305696867055e-02
1.045839405724832555e-01
8.001109605949956183e-02
6.663223454201536167e-02
3.706827283978283982e-02
1.203424720562389916e-01
1.976306362554240345e-02
1.290524486331810251e-02
6.267166824269537750e-02
9.331533146184275984e-02
2.957595483717348137e-02
5.743870213094407623e-02
9.399936269042584447e-02
2.304568929670087682e-02
9.446873074349752819e-02
3.281608735987079362e-02
5.409720041448423666e-02
5.561643268982289362e-02
3.321706156782456426e-02
6.098135252070067264e-02
5.016325346338938729e-02
5.903143050913722129e-02
8.143108300963880497e-02
7.533159110365932054e-02
7.702732506856416542e-03
6.880256987542414382e-02
6.561474064323095934e-02
-2.532418385502934605e-02
9.605030688096703739e-02
2.810905148704133903e-03
6.410184366705927450e-02
1.316608147520149583e-02
7.134302064977346425e-02
5.682045335735536051e-02
3.720473923907239439e-02
3.501489271590339097e-02
2.165210865763786754e-02
6.931181222631621619e-02
2.780717692454159201e-02
1.100164146875790561e-01
1.439863959514899039e-02
-5.015825309490243127e-03
7.156391765415255624e-02
3.531425977235459583e-03
8.259170093140853763e-02
-6.413359788304470732e-03
9.317675177453212110e-02
-1.099947968058749212e-02
5.960806874473031230e-02
4.189571136388661049e-02
2.499639693631373200e-02
9.719017214759987505e-03
3.717642668362491909e-02
3.322442913778875934e-02
5.213358950682675519e-02
2.614388228524714558e-02
6.488269045647138134e-02
5.451916524113099849e-02
3.688500111670227344e-02
4.442628848355188037e-02
1.661520621787341981e-04
2.603987564537968771e-02
6.331688071532525809e-03
5.288908063143940748e-03
7.594675233890312016e-02
1.673719096468058443e-02
8.283862769246409796e-02
6.331310441979361159e-02
-4.022500807707888454e-02
2.821479509425828952e-02
1.950724282089608824e-02
7.633905607744150001e-02
6.146288901731472576e-02
-3.149068370971788017e-02
3.085920810546749493e-02
4.549006418845623345e-02
3.733088470931899411e-02
1.872891088008114130e-02
1.746806166151618211e-02
4.878146215124515989e-02
1.381885821962565257e-02
8.878119140137193110e-02
-1.260099818218993195e-02
2.189804428234266853e-02
-1.405247336792560253e-02
3.639608778269932563e-04
4.654519002107780634e-02
8.223795956961965636e-02
-1.573726869300624137e-02
4.390285444144027133e-02
-1.256297188494205023e-03
3.821200781588530299e-02
1.820888858232788676e-02
3.714438289479127936e-02
1.535894751243648687e-02
1.394687466274737060e-02
1.830735179079829092e-02
1.279091957387270932e-02
3.988345078118698921e-03
1.656365964295281046e-02
1.176897253466453047e-02
4.037716892375955297e-02
1.108557362041544953e-02
2.707721364544778478e-02
5.411577905074539674e-02
1.602887881694626745e-02
3.983601282436759899e-02
-1.624205902739879470e-02
3.320674874811036653e-02
-3.086620309016022135e-02
1.430309444401274901e-02
3.506404424376808465e-02
2.622083801539110831e-02
1.535516716448914049e-02
4.803070579251401961e-02
2.497063951449136204e-02
1.568582235101374789e-02
6.617438547128909679e-03
7.012035376358733037e-03
3.181813045652853722e-02
-3.099763142402031419e-04
6.229377376038355146e-02
-2.413284594478252998e-03
3.169983106193301897e-02
1.129787611033676586e-02
3.114826167876032226e-02
-2.565576621877330848e-02
2.013598195530322960e-02
4.416856303892424500e-03
-2.293949808202530929e-02
5.451651692895881363e-02
1.279180308080178630e-02
6.373066316314632274e-02
-1.734686389045634117e-02
4.616370211119728145e-02
-3.467252045976762509e-02
-1.571843894575748746e-02
3.524413809275743492e-02
-2.561601713014726844e-03
4.000318484354616760e-02
2.751668886238471667e-02
4.608481581191874871e-02
-1.041791360789196159e-02
2.053737685754180361e-03
6.445881456546237974e-03
-1.603040129473056255e-02
4.670791645651065777e-02
-1.011210796220166248e-02
4.466716164828803820e-02
-7.139656918558007215e-02
9.778199427716915970e-02
-3.386097061488881500e-03
1.741841166648506675e-02
-1.864453835236979523e-02
6.375849495272216741e-03
1.449514765719614115e-02
5.022173662243077652e-03
-2.361262798220088027e-02
4.681974863257068464e-02
-1.389139144107273335e-02
7.992260856618517428e-02
-4.656865105196733579e-02
5.060254078976494929e-02
-4.685593458918899806e-02
4.977963637424110549e-02
-9.748691369948235541e-03
-1.377349631452750960e-02
6.206986607884881768e-02
-1.594745787010394197e-02
2.089787652910334720e-02
-3.814629442482080773e-02
6.232509040011054158e-02
4.055813988481957004e-03
1.394358629865291403e-02
-2.193810871290449369e-02
3.658889500257828109e-02
-1.374363901020698130e-02
1.724367955997773913e-02
-2.085798940786444400e-02
1.933579128305248224e-02
3.966282860835280283e-02
-1.447050358343653954e-02
1.525660250373351255e-02
-1.197032843328492066e-02
1.298548862675258722e-02
6.606229120697254542e-02
-5.483774770278891306e-03
-6.549569929844459987e-03
7.818553430334485715e-03
-7.712069442622603715e-03
-1.699709810259557351e-03
3.640203103799047324e-02
-3.899127801406054861e-02
8.323280711423231698e-04
-1.330639957647737452e-02
8.645795028644921026e-03
3.617858849831787765e-02
4.950637327910723667e-02
7.198648654027961329e-03
2.334898553923672737e-02
5.627070205711681055e-04
1.459358051079635669e-02
-1.692777777416854673e-02
7.624030238494777269e-03
7.457919251366925892e-03
-2.099944893463746853e-02
2.247328058486101551e-02
-4.440463303540635731e-03
1.536854096543440818e-03
2.806050222604520791e-02
-1.345371578281544418e-02
7.327914499489031341e-03
1.063527691496500994e-03
-2.454308111058292607e-02
4.002026697935687910e-02
-4.999838369396402554e-02
-2.557637256069961000e-03
5.600933608626369048e-02
-2.634116848856957877e-02
3.103531850197339265e-02
1.376388730509648523e-02
4.047978066333530328e-02
-5.971478754814229378e-02
-8.242927060474618955e-03
-1.520631505544892993e-02
5.128214695499965642e-02
-7.075234853712523975e-03
5.762429530146964685e-02
-2.406660578345801507e-02
2.218827117438230273e-02
2.602072646102038603e-02
-2.060204262820476001e-02
2.500987568534663794e-02
-4.689258144683015189e-02
3.603179499481788586e-03
-7.146043233831504216e-04
1.001036314812110348e-02
9.123347003262715152e-03
-2.996505686348618566e-02
1.083980766803214861e-02
3.252072345391138902e-02
2.014893755922924842e-02
-8.056271786231486431e-02
2.822005233076546951e-02
-1.435682932357517164e-02
4.824513256866278660e-02
-1.063097897355600070e-02
-1.826141758792848568e-02
1.239556502657228505e-02
-1.614192161992466720e-02
5.240656592156032328e-02
-4.165871885041416006e-02
4.030441846713821857e-02
-5.353533744018851293e-02
5.779431094140660696e-02
-5.678020112059156688e-02
-1.092314624511805769e-02
2.959322243359422538e-02
-6.855192732555646755e-03
2.151088375526454682e-02
2.261131713755226355e-02
2.005094273244218891e-02
4.789524021441221059e-03
3.193414426541557605e-02
-4.917369304675692915e-02
1.313817672532933793e-02
-1.387350999831359066e-02
-1.473777757924505175e-02
5.632034176228011696e-02
-5.791488168510701418e-02
4.499656030341470797e-02
9.857913714697926107e-04
1.317057579595597855e-02
-3.308727741700009939e-02
-3.119877381897702071e-02
6.865451737489766670e-02
-6.841757658286312660e-02
9.628997586311145718e-03
-1.923702765575387857e-02
2.786148207064301913e-02
6.192194799830833332e-03
-1.236583078027137482e-02
9.902288523658807698e-03
9.588999465578560907e-03
-1.243707368914209396e-02
2.676637069453241535e-02
-3.518047461295056161e-02
1.302958159096932744e-02
1.944632564078758313e-02
-3.037873519724685126e-02
-2.043465565472996764e-02
3.493299999683813911e-02
4.158409854981349324e-02
1.213493151236119151e-02
-4.000066341501275907e-02
-6.493139476897787522e-04
-2.687467021822843166e-02
2.148854335407972618e-03
6.275649957683776363e-03
-3.632753947365524594e-02
5.959772875243640050e-03
-5.766455091074641727e-04
5.774851764354338619e-03
8.051266186628640992e-03
-1.441758678759592731e-02
2.820097958216858172e-02
-8.080113192977479361e-03
-3.118234539645917819e-02
1.073964267285354782e-02
-2.618305504492590349e-02
-3.386156725186226235e-02
5.824312087711353003e-02
-1.753876509699086803e-02
1.885642618815243018e-02
-2.113576395984889320e-02
3.291897274504948512e-02
-8.904370973328024075e-02
4.651772067977885672e-02
-8.161145792128832177e-02
7.966997648856949388e-02
2.445644719582221877e-02
-5.034191133300686821e-02
2.206490555027559169e-02
1.090089677453466577e-02
-3.210703153167431684e-02
-3.744920924599273726e-02
2.437824145775937743e-02
-2.406271113319541355e-02
-4.451422683897364452e-02
5.753155287267529977e-02
-2.450878039263552216e-02
2.101763970388537475e-02
1.001218074762194772e-02
-2.279280657136527680e-02
2.655591184354538781e-02
-1.765558169938295091e-02
-4.130816368588259568e-02
-1.441998716577068927e-02
-3.291344639945734292e-03
3.366147125294775139e-02
-1.105185769788110534e-02
-1.232036949089932235e-02
5.510544446601876173e-03
1.743735565832537845e-02
-3.203754147388580831e-02
1.523472736555467333e-02
-2.394964835034969416e-02
2.593301829260443413e-03
-5.748839990997251653e-02
1.112572488970826326e-03
-5.820105266026274690e-03
3.109779509076532680e-02
-1.911095879802699599e-02
-8.327568057524636566e-03
1.891106969156933909e-02
-4.539615564558292793e-02
-1.753588791027883148e-02
3.480188434418703125e-02
-2.713075638968270777e-03
-1.004731651391262137e-02
-4.778981033724172267e-02
-3.088242462232298601e-03
7.435557889839785380e-04
1.298492372888428170e-02
4.138440614411473262e-03
-2.990660266372341392e-02
2.436624010285801806e-02
6.559938887662570585e-03
-9.930389637573564660e-03
-6.271315183724507358e-02
1.767824381082352611e-03
1.948912451540006250e-03
-1.243576133760819144e-02
1.167478935543022657e-02
3.702708763256378540e-03
-1.628070629956755375e-02
-3.475980906294073858e-02
3.609004002043306181e-02
-2.765565048842039478e-02
-6.680973421934759474e-03
-4.003604918827213116e-02
2.070339212860744169e-02
4.718207195010429289e-02
-3.998290996377180245e-02
7.699337004100943217e-03
-1.260611440526271387e-02
-3.369456697671088276e-03
-2.885527507099253097e-02
-3.577509255377961384e-02
1.985400177260949420e-03
4.497346818330857920e-02
-2.426199349827696389e-02
9.299639738730809332e-03
-5.846202871167605064e-02
3.531004798433352854e-02
-2.208526712496447150e-02
-6.365040284654907045e-03
-3.437407128872965734e-02
-3.348699009015745215e-02
-3.750865312086030384e-02
4.804283300872864981e-02
1.245016606371409512e-02
-6.344723463383107956e-03
3.580751615547093231e-02
-7.980050185723631950e-02
3.204830939864758421e-02
-2.297138785636016270e-02
-3.489433287181154669e-02
-1.983384721508774790e-02
1.668649399421977264e-02
2.756782300279916539e-02
-8.422979440357601655e-03
-6.732773178689472129e-03
-8.790760075935463713e-02
4.205701851007064007e-02
1.682387654445575975e-02
-3.359802042549182161e-02
-5.539506623068975177e-02
1.943802580138418584e-02
-1.126470153318088856e-02
-1.653776748464703614e-02
4.137723994865556698e-02
7.365288150953483437e-03
-4.379436691283374733e-02
-3.122783260439140895e-02
8.347264030431822066e-03
-9.270578527138024008e-03
-5.009437065799834943e-02
3.464290013145468868e-05
2.519560207857985887e-02
-1.922189669023960726e-02
-2.418595974455366171e-02
5.372320938813815623e-03
-3.800809464056460751e-02
-7.783147325027183795e-03
3.410455342097479942e-02
-1.135002663681687098e-02
-3.526852061869634875e-02
1.368939208576898164e-04
3.205777452484209061e-02
-5.407575911249992706e-02
-2.176009159758879666e-02
-3.235395037972590288e-02
5.894926498363158018e-03
2.114756165812002597e-02
-1.976342288944524586e-02
4.897001312598614313e-03
-6.342782738486497929e-02
5.224760847287595461e-02
-2.392428812490138626e-02
-5.390763898419973638e-02
-6.711144509152019641e-03
1.030205318183271927e-02
-2.437816471400201801e-02
1.731936486678757603e-02
5.119080151353001991e-03
-3.072866145197547874e-02
-6.140781032751837371e-03
4.073669697689912689e-02
-2.777096289794982881e-02
-5.418043728960147271e-02
-2.482359929708473703e-02
-1.607916489058438744e-02
1.067048082674300173e-02
3.529516637128660150e-02
-3.062869214511245927e-02
9.087864598468111191e-03
3.482364985568908722e-02
-6.656681198694186508e-02
-1.997258589999756362e-02
-5.361754787073466644e-02
-7.966877065226926971e-03
5.399752896917694306e-02
9.135211336717402944e-03
4.180484089300714329e-03
-5.606865286994836689e-02
-3.781492784236997057e-02
3.577999234233975728e-02
-5.639141638227404378e-03
-7.452482365731571967e-02
-5.345283416746953939e-03
2.293794120962996258e-02
-5.017535537198217904e-02
3.820289005060083145e-03
1.485022430445072719e-02
-5.898899300013044078e-02
2.094280745661053142e-02
-2.904987697377415731e-02
2.970961788552012144e-04
-5.267887259310823772e-02
1.364891297220866689e-02
2.091964697218932565e-02
-4.015520829418937898e-02
-1.473872217781463552e-02
1.591594409485050463e-03
-4.546344139770943510e-02
-1.899515373319681649e-02
-1.427672468072266852e-02
-1.451202970868088141e-03
1.075087199912277275e-02
-5.432645860695492143e-03
2.827736123363016468e-02
-8.829714498338321615e-02
2.973996289238426197e-02
-2.785487259844097313e-02
-4.436155352799691504e-02
3.226559038575901872e-02
-1.610335399533241105e-02
-5.233082847621548656e-02
8.502165477419698289e-04
-5.212887862823337333e-03
7.532041372295693316e-02
-6.809962136756675388e-02
-5.043376542458303385e-02
3.305722516109860665e-03
-2.869366019483960556e-02
-7.444253659138159486e-03
3.168626711316157446e-02
-7.819969014197887189e-03
-3.768008616412197448e-02
3.275273303027360222e-02
-5.836968369382504462e-02
-6.009195249537440525e-02
-3.353421023806231471e-02
-6.782392826665798249e-03
5.734426099792361807e-03
-2.401370513281468003e-03
-2.737796764928701349e-03
1.023612995452694149e-03
1.271233544597526882e-02
-6.472935145885057306e-02
1.787403216289881053e-02
-1.613354554771449789e-02
-5.398358099875222305e-02
2.457799235465592605e-02
-1.648358072751336320e-02
-2.385319865731500705e-03
3.412794545337641608e-03
-2.514121611769980225e-02
1.955130319748278611e-02
-3.099629883818875303e-02
2.579806993759927933e-02
-6.345857717011589572e-02
-7.464210583696359244e-03
1.008176642441223055e-05
6.050805372490857675e-02
1.057201400921473772e-02
-8.728271733489381679e-02
1.518134548371762906e-02
1.180269378346495389e-02
-5.388500309993841247e-02
-1.360478256437015927e-02
1.762151998304921710e-02
3.044342961221491953e-03
-1.202554287878684902e-02
1.138102308155465418e-02
-1.413796741608290726e-02
7.135110670865927110e-03
-5.996427117986143779e-02
2.418202177319034307e-02
1.948325331376008981e-03
-5.956877229358694542e-02
1.005142475075558248e-02
-1.506809986809952082e-02
3.086796747354864784e-02
-4.164396815405391888e-02
-3.324286903286317180e-02
1.321932482128389263e-02
-3.855569460406633054e-03
-1.065810347356186891e-02
-6.865496946928137389e-02
4.527553463714516918e-02
-1.108411039674062418e-02
-3.012871671050914094e-02
1.831600648151941735e-02
-4.423830549085044916e-02
2.401358077164374855e-02
-2.478359661289028515e-02
-2.858707005415416294e-02
-4.818973241224912274e-02
4.072999698761889387e-02
-1.097884970521213061e-02
1.154876623234538189e-03
-4.192242125014835480e-02
-1.095202648248588904e-03
1.437298224870103142e-02
-2.177586659495387138e-03
-1.629193963051573865e-02
-3.476246304295643047e-02
-1.795491071771094377e-02
-3.392468029093628767e-02
-4.058297404791669227e-02
5.752469528161553020e-02
-4.561603670216819034e-02
3.028250225918714678e-02
-2.767732079889552096e-02
-4.721976394074725233e-03
-1.601052172879510044e-02
-8.064737561861793844e-03
-1.189695207631878346e-02
-1.497302525130396814e-02
-4.209771420887898491e-02
1.269737178774120803e-02
9.926462289535876657e-03
-6.436965614333271801e-02
-3.818687928633614746e-03
1.087495169289491928e-02
