2.347295174534631476e-02
-2.668277532621270501e-02
1.015685157362569424e-01
8.306600830633623089e-02
-1.483960551613386913e-01
7.534660676588575412e-02
1.340187678943911484e-02
4.802726156001912994e-02
-2.155567754964695174e-02
5.689230531341035735e-02
9.142936166975090817e-02
9.352828376660707321e-02
5.449224725789347801e-01
1.573488546870292382e+00
3.340667959781718377e+00
4.480643294515196828e+00
4.706570870998633360e+00
4.118681672205150690e+00
3.609855114563338407e+00
3.290006240876939270e+00
2.831443780687833200e+00
2.756584767670758662e+00
2.285518681351571324e+00
2.257602910101353721e+00
2.366306248562200842e+00
2.370465681609411845e+00
2.360054220508346123e+00
2.369102602559548743e+00
2.375867186778852336e+00
2.751739871177839358e+00
2.889416180117668986e+00
2.728733361716821904e+00
2.899095459773677774e+00
3.247628976487469288e+00
3.129706001231018497e+00
3.213303603585744739e+00
3.435824710399308923e+00
3.719905647878350319e+00
3.712452416976356417e+00
3.752282308752576956e+00
3.960545483920411503e+00
3.945488256594558596e+00
4.061529946351576825e+00
4.192633269687725317e+00
4.383361018499748241e+00
4.319755872036411759e+00
4.534479624756174942e+00
4.604185602102958796e+00
4.594407532277398509e+00
4.624877490460748142e+00
4.751973699301182741e+00
4.828407537469275645e+00
4.924871254482979133e+00
4.949281809604079818e+00
4.941003724673029396e+00
5.134925406293783468e+00
5.137467262209048258e+00
5.166466334246346825e+00
5.273422665271893628e+00
5.170787711903121142e+00
5.335048208486007582e+00
5.298898561766827164e+00
5.393789014277677651e+00
5.356015442850691421e+00
5.544704935896624498e+00
5.367803298208634999e+00
5.494953451684192913e+00
5.509165503327077218e+00
5.509579968895328861e+00
5.554967693513572335e+00
5.520051651050954078e+00
5.625925942240674438e+00
5.502121237674494125e+00
5.759397185699049793e+00
5.528244648886301960e+00
5.654248857670527428e+00
5.659339695389327574e+00
5.652220928556280555e+00
5.760987231983422774e+00
5.559639640633796454e+00
5.570630870795784340e+00
5.709922056278352365e+00
5.647835962905839224e+00
5.569811542596948328e+00
5.740008021728161047e+00
5.733676947741060737e+00
5.472290857338363956e+00
5.646765683392064972e+00
5.532788322453717100e+00
5.616931309012472617e+00
5.481428352723012765e+00
5.650028996311012186e+00
5.688719144907643965e+00
5.553494735551022465e+00
5.523445792644500862e+00
5.452054482865150931e+00
5.578940852268744699e+00
5.459390223977615975e+00
5.547286295558887304e+00
5.400116382860622011e+00
5.532257931605571777e+00
5.455064096526580641e+00
5.441564575465106302e+00
5.306046388449878748e+00
5.385909125441938450e+00
5.478291220140171447e+00
5.238361047063516907e+00
5.324832458435388993e+00
5.255085670763993910e+00
5.286438254435292805e+00
5.088066395195163238e+00
5.250895176362810446e+00
5.210302013538597343e+00
5.086395945893610104e+00
5.247250827711734900e+00
5.026313929946176984e+00
5.062143450189996230e+00
5.145603239859164013e+00
5.079371023901644300e+00
4.951259959824112045e+00
4.880577844823861255e+00
5.077025512995215095e+00
4.975531020258092241e+00
4.926405382029146907e+00
4.802954091047311636e+00
4.902347855782333674e+00
4.870621130322256853e+00
4.732555616470058624e+00
4.692613991321831435e+00
5.002882683752945425e+00
4.691979587473479540e+00
4.530897844160755028e+00
4.654775369106825877e+00
4.764317655556159714e+00
4.548771520282318015e+00
4.498681387958119338e+00
4.468733809580417216e+00
4.586848922724525046e+00
4.388933455100795022e+00
4.450748801365787877e+00
4.320367712051988995e+00
4.533362731163401271e+00
4.282975212405905729e+00
4.287282239624559566e+00
4.148903853269131581e+00
4.489070898198258774e+00
4.110238549850063983e+00
4.288383713637990979e+00
3.949777664659994247e+00
4.316623404024394262e+00
4.049852895976297162e+00
4.139369537455299231e+00
3.912081247306746778e+00
4.206385035012711882e+00
3.836406040408575358e+00
3.914317747979557449e+00
3.918005599372892611e+00
3.823552960699938108e+00
4.023134019653927140e+00
3.825346940194955803e+00
3.610958860814178273e+00
3.922574336296879238e+00
3.641494295737163434e+00
3.673051811402113564e+00
3.693752325442382300e+00
3.712025235693132252e+00
3.520879763107314542e+00
3.670267173735421107e+00
3.553758490563679651e+00
3.595865479413828059e+00
3.464961097445647731e+00
3.447244895991578684e+00
3.475288989122115257e+00
3.474926559311847019e+00
3.348286401176543414e+00
3.417549328335297787e+00
3.272680574745310711e+00
3.292924571506571141e+00
3.308648739084256718e+00
3.160628262305765102e+00
3.329987862565200629e+00
3.125527964874691644e+00
3.250542623148420684e+00
3.177022841768503358e+00
3.095742507778677766e+00
3.023567555509853566e+00
3.118027672451515464e+00
3.059284838336236323e+00
2.873826691841397274e+00
3.080794017798206053e+00
3.035823778076561119e+00
2.868559034764129212e+00
2.947779163742190178e+00
2.827439667459641370e+00
2.914881531996473374e+00
2.816966858529232010e+00
2.808184342483619034e+00
2.813507564994788268e+00
2.890984922861136841e+00
2.688116803645501207e+00
2.670293367225570869e+00
2.711301679015705179e+00
2.670937287847887198e+00
2.612571888494150674e+00
2.733580008955172946e+00
2.460898747522569874e+00
2.549572432105532194e+00
2.677757421096984114e+00
2.374395495213630802e+00
2.526233419425297111e+00
2.493734520335920912e+00
2.524104779032344759e+00
2.455290408403947300e+00
2.290697404176147867e+00
2.482273899418227625e+00
2.383856327866133107e+00
2.216654299557655694e+00
2.443901740996484051e+00
2.273927177595722160e+00
2.196654859200294574e+00
2.291853056555646528e+00
2.199921659770304405e+00
2.189923791804998743e+00
2.193987527979042174e+00
2.138350625926610071e+00
2.202364485908062885e+00
2.219135904241858359e+00
2.097921142513505366e+00
2.051519230042370356e+00
2.191672430176975883e+00
1.979987905386538349e+00
2.059453555612121178e+00
2.119268378216051740e+00
1.968953607958121355e+00
1.982738151117417358e+00
2.134125444053712961e+00
1.856809815981814937e+00
1.804583024117789591e+00
2.004839564522745476e+00
1.803517595532040829e+00
1.872414627175811974e+00
1.888370871366664039e+00
1.808654045611280070e+00
1.853391766853362599e+00
1.860640276217933264e+00
1.641261450646998465e+00
1.802703117792039178e+00
1.851771945814395970e+00
1.687535478199865269e+00
1.704846870997512420e+00
1.727395512084102247e+00
1.627635983419610799e+00
1.804913115901342513e+00
1.564305378559422310e+00
1.625301857908991288e+00
1.718365630769671304e+00
1.551347249085888613e+00
1.572856066728871349e+00
1.633483157473426761e+00
1.574017570299500735e+00
1.448927357165040508e+00
1.584797882336173247e+00
1.451881147545949879e+00
1.559399484171834160e+00
1.472258851696200743e+00
1.388993788702132637e+00
1.475114753587354555e+00
1.534010846323170307e+00
1.374825937813499266e+00
1.402227896154731868e+00
1.371657134409214329e+00
1.424722503887973613e+00
1.447644914309237585e+00
1.375662859084875178e+00
1.271052683315227583e+00
1.392781861886780215e+00
1.397543410380464479e+00
1.263434981977156646e+00
1.338220051450231152e+00
1.207320371125311098e+00
1.351891949379827151e+00
1.168144779237808573e+00
1.178914917228609305e+00
1.386130864237375082e+00
1.119069195828350516e+00
1.240837189304105692e+00
1.221862045570783373e+00
1.107922684543802383e+00
1.326186118713408746e+00
1.158910803533175438e+00
1.106344637222391514e+00
1.108875607630237514e+00
1.224254208938200916e+00
1.105628105672150197e+00
1.123603361612209195e+00
1.150053345917908310e+00
1.000939355935410502e+00
1.086459452891163080e+00
1.143147955509020042e+00
1.109750655999265367e+00
1.001416733159205874e+00
1.043067566391278955e+00
9.912577220561951119e-01
9.810006167628455565e-01
1.093323054164865971e+00
8.928488230485064348e-01
1.028251264317024516e+00
9.752865242137190860e-01
8.601602639127967631e-01
1.007206827550097383e+00
9.815762156628168311e-01
9.810551116494174995e-01
8.883913265503294854e-01
8.816868819024493709e-01
9.512846678961338620e-01
9.124050869016775422e-01
9.104513863897961690e-01
9.045969454911804153e-01
8.048735398074688963e-01
8.666425592143973677e-01
8.325507599735688657e-01
9.500105727163855596e-01
8.550330886907628880e-01
7.774791396222564543e-01
8.267384279131495539e-01
8.387198712364287712e-01
7.982402829926763532e-01
7.724393025288978087e-01
8.061705407944259605e-01
7.831055963164270661e-01
7.281840800141609060e-01
8.358287521673097853e-01
7.765629839066727769e-01
7.442445688777818980e-01
8.398067499384060941e-01
7.158396206888552049e-01
7.082259692903574155e-01
7.965194677831358705e-01
6.799961753020855593e-01
7.152058329515497137e-01
7.020429341873849483e-01
7.213476963149010324e-01
7.373556532895314541e-01
6.530598367100551860e-01
7.325509165277225287e-01
5.163587855786453407e-01
7.873248963561214619e-01
6.616821207186668330e-01
6.345437393031218010e-01
6.695940411936368575e-01
6.431369244967924947e-01
6.490364617315864670e-01
5.297482190636976229e-01
7.162391946743235094e-01
6.654447253661575079e-01
6.446216399442820100e-01
6.160242664173611882e-01
6.153698020272287961e-01
6.102203613435203122e-01
5.497989527715784197e-01
5.783881145758340558e-01
5.794037732618700920e-01
5.763859022237532992e-01
6.631506324059740498e-01
5.463714642617641948e-01
4.959323549520957553e-01
5.799189163365837674e-01
5.979069651920422279e-01
4.118828297218187773e-01
5.811822886911749420e-01
5.456445683423916115e-01
5.627655467328305239e-01
5.908151924028617330e-01
4.975277106598346988e-01
4.957486767969189190e-01
4.668238836412682002e-01
5.737340730435734892e-01
4.433048045282070859e-01
4.702427340020465807e-01
5.837997778941208527e-01
4.373247952020636320e-01
5.084523102059543831e-01
5.322726527785623940e-01
4.435986197629716576e-01
4.469383808654417978e-01
4.647393524354628824e-01
4.309068930837391398e-01
4.038255740457877274e-01
5.033074557546155514e-01
4.578674137692896884e-01
4.370157206031473618e-01
3.793002960035928850e-01
4.798875249462448700e-01
4.012455253508990238e-01
4.022912362758344629e-01
3.756174044792798261e-01
4.650880433646755741e-01
3.322654205331760369e-01
4.476435819508554070e-01
4.609751843269138671e-01
3.795325605471938091e-01
4.137218796776486740e-01
3.884363845698245998e-01
2.795099229956409248e-01
3.974018446988729081e-01
4.314860098102014097e-01
3.344697184252824473e-01
3.456061657411389487e-01
3.126358190618365729e-01
4.791468358376330672e-01
3.623396525772978882e-01
2.661542126376437167e-01
3.906784608929076974e-01
3.219594727609003670e-01
3.665939610104909097e-01
3.676438998813860715e-01
2.996402856822771299e-01
3.082130293307445146e-01
3.057418729125204737e-01
4.326821125829008463e-01
2.214615765879642539e-01
3.554815895882700860e-01
3.893991044078989328e-01
2.476408701285330027e-01
3.640797436034997059e-01
2.537318592615043222e-01
2.931555416210850917e-01
4.028314547344139518e-01
2.759877014861498723e-01
2.389422304251951346e-01
3.336499745888572566e-01
3.142592097706178866e-01
2.129882801464977327e-01
3.426811050877606735e-01
3.042119885598219553e-01
3.373169354079299520e-01
2.319290862140043485e-01
2.481542834623733929e-01
2.630466472349746176e-01
3.783465692017810023e-01
2.798680368972736865e-01
1.271494870691462775e-01
3.820902699952876125e-01
2.119976596093690879e-01
3.070372804861822846e-01
2.397382672512918533e-01
2.627747307072962890e-01
2.401354461035291599e-01
2.953479315716517339e-01
2.544360238428248766e-01
1.817445432774413006e-01
3.062905847526125602e-01
2.071601659368644821e-01
2.698300328395407677e-01
2.527187404561874184e-01
1.604006462825253165e-01
2.555854300154475345e-01
2.602568920294787702e-01
2.469725555323450672e-01
1.942453433333758417e-01
1.832989118774706050e-01
2.396345989036614277e-01
2.323667695004504874e-01
1.436387681414673101e-01
3.707259413930004688e-01
1.518147740187503758e-01
1.774053303800732506e-01
2.258442121475897901e-01
2.385399696828786331e-01
1.917170569800194235e-01
1.974514202271782093e-01
2.094368464892540915e-01
1.840305286059166490e-01
2.414177941482729683e-01
2.554108310266883231e-01
5.766451402728532682e-02
1.603808314820781566e-01
2.664383671282039012e-01
2.375800409833633831e-01
1.322816667642761068e-01
2.424856583636726681e-01
2.688858220874480454e-01
1.899111673747261309e-01
1.512899846075877464e-01
1.355726634580209367e-01
1.508403434224993567e-01
1.994574862580051067e-01
1.892231697319280426e-01
1.777043556746628339e-01
7.909513141997166763e-02
2.778449748626355409e-01
1.541636283589187251e-02
1.587937411359752748e-01
2.779313482925338530e-01
1.814857200676771309e-01
2.283096420813527649e-01
3.977773428789548038e-02
1.202159163348436033e-01
2.750298946721218551e-01
1.421849033935121687e-01
9.091426170434419030e-02
1.687352758153376209e-01
2.288842599720740667e-01
8.974845268910411344e-02
1.463407766837914736e-01
1.937207807816793137e-01
1.551767507481535413e-01
4.293946558285402504e-02
1.547667988712379816e-01
1.523068692327995133e-01
1.671693287461271660e-01
1.566522050861183513e-01
1.008256161129895134e-01
1.865220741140899696e-01
7.875612045789485982e-02
1.520348965071883773e-01
1.309545685037386553e-01
9.661727554726023959e-02
1.736073887116023062e-01
1.028883137855763075e-01
2.123185617699546376e-02
1.441735078843368878e-01
2.388868151398634287e-01
9.823459543555283779e-02
1.113614575062303880e-01
1.114776718803670574e-01
1.734207277359243182e-01
5.806142230181241676e-02
1.974764138479617737e-01
1.216045887439707179e-01
-4.386737368657093387e-04
1.634242007876185732e-01
1.072101207733686667e-01
2.251891535750795148e-01
3.182043257040628736e-02
7.553171861891212757e-02
1.694639171853693227e-01
2.686950963379957508e-02
2.053492918058630323e-01
-1.988637246348914922e-02
1.961654007181994896e-01
6.829622558685910505e-02
1.963881201476971317e-01
-7.421272996641500256e-04
9.381140697935667905e-02
7.585391136477162566e-02
1.458448978931094486e-01
1.083472196588884523e-01
9.192287667354406833e-02
1.791242659723821795e-01
1.037143695813992905e-01
8.899087670471926559e-02
7.685304729667197243e-02
6.561196284501881471e-02
8.110135037205856712e-02
1.273474213707178893e-01
8.171009208474498686e-02
5.009156798253643766e-02
5.254143040819464483e-02
1.335427173849062510e-01
9.615264183462213232e-02
6.556565423464676134e-02
-2.929159360846371810e-02
2.210565079831964264e-01
4.908650616570053166e-02
1.485420543896254220e-01
9.236276681252800214e-02
7.625796452520161584e-02
8.673500122474188390e-02
5.131680653439683881e-02
4.085182585063794336e-02
5.897593971048769451e-02
1.222581183676056810e-01
1.398410163681612639e-01
7.062298610061761017e-02
1.861843570797246453e-02
2.814266539240045661e-02
1.652042370607967881e-01
8.196504800193790685e-02
5.090215127222842695e-02
5.178605533922737286e-02
6.165625076584187875e-02
1.165734372180119854e-01
-3.258446218379237348e-03
2.429316414290858817e-01
-3.238167348269123738e-03
4.567457365649969098e-02
6.842092646806210987e-02
-1.362691974599623476e-02
1.203232699235229908e-01
2.924048963008063495e-02
3.497516252104793805e-02
8.896078377434769868e-02
3.772898887255688588e-02
9.463385472656252184e-02
4.122313503318306149e-02
1.480211820399388589e-01
7.988569611460771824e-02
3.823262486223336781e-03
8.041150840278520062e-02
-2.467943216640523102e-02
7.579379223127472032e-02
5.887336326088631056e-02
8.892265392080242470e-02
8.561747001150252223e-02
6.119279990867122765e-02
1.274334092521012263e-01
-4.633802161589307272e-02
3.057675134267637956e-02
3.194930402073519610e-02
1.332972761852498356e-01
2.960930342579717184e-02
1.112736289583915184e-01
-5.954393874834273959e-02
1.643171138756942262e-01
1.387441621898106991e-02
1.287917445765201195e-02
1.437557023730983152e-01
-3.791897350225346269e-02
3.776466980467305112e-02
6.126593520182056080e-02
9.130044668858718071e-02
-1.286580324470358236e-02
1.066353822189632927e-01
3.940431511380906165e-02
-3.479968834737128675e-02
8.518712720657288517e-02
7.167295552696902050e-02
-3.564514037952682193e-03
9.841551561650382918e-03
-4.213711231388955931e-03
1.127788753319751702e-01
1.340799561143461160e-01
-6.328713197328773854e-02
5.803739782575932649e-02
9.093340148165439396e-02
-1.622775128082837651e-02
-2.212177456257425831e-02
9.835725975975363744e-02
5.806532000388000062e-03
8.539021441609827290e-02
8.239938339102700904e-02
4.850253544510668702e-02
-1.928101638889070935e-02
5.225165335298205538e-02
5.496469204376509127e-02
1.856964897744279794e-02
7.078171195629512358e-02
2.788748028163091572e-02
5.028307532355607429e-02
2.599345170952069642e-02
7.697342284810292090e-02
3.944378030966046167e-02
-2.344683488835615226e-02
6.951709553475030057e-02
1.190351800108645913e-01
-4.824504998611778978e-02
-3.433313457667524354e-02
1.289006361872175599e-01
-2.273620220720327066e-03
-6.038815993608327021e-02
1.363562078808365774e-01
3.117643046921002650e-02
1.858176204749910909e-01
-7.140970737533890167e-02
-1.828093586366933976e-01
2.174904674509000879e-01
4.961329720570136631e-02
-3.589699259014590693e-02
3.369610924875509478e-02
1.162856581397662958e-01
2.516158475544026576e-03
3.764605942203517325e-02
-3.681650836466259652e-02
3.390201279623629438e-02
3.960418377220793068e-02
5.982548134948003499e-02
-6.475298995480001374e-02
8.900025466212604930e-02
6.129982799673157345e-02
1.921861394138527773e-02
-5.241069431874056245e-02
1.978343450454109476e-01
-1.658989157475466991e-01
1.102902153498548782e-01
1.070476104962787278e-01
9.824852161324176478e-03
4.032852736215057632e-02
-1.398764636437821972e-02
4.248752858297747542e-02
-1.138511735394788157e-02
5.559093639802323988e-02
1.186772012101457163e-01
-1.071981709021373325e-01
6.300555065938295840e-02
1.379485488705445295e-02
5.475233059112033507e-02
4.604325263447289762e-02
1.620816422850269306e-02
9.830488318498463787e-03
4.656970387624589230e-02
-2.157536737591930071e-02
-4.062276802628390047e-04
5.941870877435766196e-02
9.540575848737092857e-02
-6.921334120608121920e-02
3.493552995404674080e-03
1.238107601219635562e-01
1.289943569969438306e-02
2.194515449122149547e-02
2.743340051503929608e-02
6.534811093180782626e-02
-6.565595243103611485e-03
1.190239120660784716e-02
2.701411771674388715e-02
7.176273141653772419e-03
2.835186387496211810e-02
7.620955422813335822e-02
1.102823155761815943e-02
-3.717587792988878703e-02
3.267169360789778237e-02
7.428973839530360335e-02
2.213864678367368291e-02
8.831725084249822388e-02
6.306341988320502724e-03
-1.565920421404778246e-02
7.298130560773941067e-03
-2.675972215456309464e-03
4.361988518539103299e-02
-3.342584905628590008e-02
7.557043605610164194e-02
6.595963589492619128e-02
4.022817742558906437e-03
-5.614167684449983958e-02
1.053149302426648753e-01
-7.155707368399406333e-03
-3.965055579444199535e-02
1.084251868337797742e-01
-8.342450325490646801e-02
1.221414038499084032e-01
1.410540142275948459e-03
4.391316299114499805e-02
-1.293395634933785024e-02
5.283323555443088931e-02
7.526964600488153523e-02
-8.956275874992689068e-02
6.845591082833077379e-02
1.333906981810538753e-02
6.123455661259799565e-02
-1.081362273078342005e-02
1.640319236583980683e-02
4.155280020090647980e-02
-1.596178446790743471e-02
5.768255469706893429e-02
-5.153678262113978170e-02
2.571673661942512970e-02
4.516749569481944698e-02
3.246114128844757724e-02
3.893172426056765167e-02
5.313052236391682670e-02
-4.997803277351787338e-02
3.444022015291589578e-02
-6.173600163263175122e-03
2.432952953249064437e-02
6.386216623739722487e-02
3.907683653312607475e-03
2.759925571851095868e-02
-1.741585427101182207e-02
6.429313638034656053e-02
-5.615925297461851935e-03
-3.539799041230716481e-02
6.736675919889276165e-02
-5.987648777419043306e-02
3.497161365566037183e-02
5.962974784990319327e-02
1.664855834823891463e-03
-4.533361463047454187e-02
8.874991969340499665e-02
5.192868797035717771e-02
-1.521741624983655172e-02
9.316149344580559530e-03
1.408283313354159218e-02
7.485030085483571072e-02
-9.501945188289777355e-02
5.254312875541027744e-02
-2.254179176432468540e-02
1.298748157317800890e-02
2.180595069405432893e-02
3.391387133046216973e-02
1.162017430804455492e-01
1.373900129229246175e-02
-1.037222797768849909e-02
-2.946849192854246804e-02
3.670782819186703405e-02
3.663210803398864873e-02
-3.941534298989451263e-02
1.259186913376370009e-01
-9.086814495014625126e-02
9.371703826992698605e-02
-5.819848368545465361e-02
-4.710140453755193995e-02
4.753216371030260373e-02
6.138121180784408132e-02
-1.572328398834891769e-02
7.683919874474788581e-02
-4.029021283715877172e-02
-2.938388748634451764e-02
8.849735939885421121e-02
7.988101140547317069e-02
-6.120844300157421425e-02
2.954193756684611594e-02
4.697058567479985014e-02
2.119014066550075834e-02
7.908224406211833424e-03
-5.316165267677776252e-02
1.413738323948326298e-02
1.174741846454839707e-02
3.821843682873028031e-02
3.693185447903083590e-02
-3.241514036037063812e-02
8.609175357477165391e-02
-5.403394373881659912e-02
1.224264503867772587e-02
3.595388742932906917e-02
-2.546547336261075975e-02
4.462338707065698767e-02
-5.108897936317937510e-02
7.906495659426709954e-02
3.249296172854540532e-02
2.482567805078619849e-02
6.000078269666250103e-02
-1.105252211489162195e-01
1.134326373027009088e-01
-6.721462443376076401e-02
5.723616284008197636e-02
4.491540769866966126e-02
-3.319612804202882322e-02
1.450145718007050596e-02
1.501130451221821017e-02
1.862188599790657109e-02
1.503148689226419367e-03
1.307039602176647379e-02
-7.124622051152834645e-02
1.148881255116455113e-01
5.383029877518579615e-02
-8.329059227103635665e-02
6.372474402359923525e-03
1.000562369593508694e-01
-1.686834090510076073e-02
9.819974617015909957e-02
-7.301115467296470651e-02
-6.223104456735271267e-02
3.978838826043913646e-02
9.939782152078531496e-02
-1.854125038138860690e-02
-3.877254251651544859e-02
1.001835807284774532e-01
3.215650222515151202e-02
-4.352299120018758571e-02
4.737333452218107227e-02
1.687078398700895404e-02
-6.083037223705280855e-02
6.133113636624112214e-02
4.738670887074907835e-03
3.204919777020202865e-02
-4.443362459959886157e-02
-4.706552255128571179e-03
2.824759617709755866e-02
3.934620364059780717e-02
-4.642398342076816536e-02
7.736050142498006321e-02
-1.603668927163452024e-02
3.282816791494341802e-02
2.153570141094456047e-02
-5.944887120559063515e-02
-9.557832309672442683e-02
8.969979757880137961e-02
1.446956721031867898e-01
-8.828159095445457794e-02
-4.046348134455414643e-03
-7.394605199342947806e-03
6.798739443327987686e-02
1.274880352764994063e-01
-1.688141224614958802e-01
1.890363325137580514e-02
3.881557367631632838e-02
-1.416735335682325035e-02
-4.208881036455366931e-02
2.326848342487247614e-03
3.128400581440705409e-03
8.557766584814946453e-02
2.524585450960975877e-02
-3.578098019981982431e-02
3.362518693968620520e-02
1.483048725066977644e-03
-5.500167217771959050e-02
1.239868342584221281e-02
-1.298316333267360116e-02
1.160670396449937219e-01
-1.807135797911228053e-03
-1.677498604202406693e-02
-3.020528223412341853e-02
-3.825219316106952955e-02
1.204902397891691179e-01
7.053115043336175005e-02
-7.885883881770895665e-02
-2.340499603972121673e-02
7.158972024233151155e-02
-3.902576121319108193e-02
-6.489118741209445873e-02
1.039742731746803178e-01
2.872572893924676615e-02
2.623521926430975523e-02
-2.732634145442389487e-02
2.157803354153744677e-02
5.456548116671861709e-03
-1.127657975933725291e-02
1.245836738383007403e-01
-1.438479283205959525e-01
1.162890790727550139e-01
-9.264305056430560334e-03
8.290025586416118267e-03
-3.437481140944774471e-02
2.329313382501451909e-02
-2.729711251094388454e-03
-1.747819805217067785e-02
-4.615163113190520056e-02
5.998756394612220905e-02
9.082993595624847330e-03
3.937800699833036988e-02
3.277772676905327254e-02
-4.331798080250892288e-03
9.672200160929105700e-03
-6.821363048172467136e-02
9.129373241795775765e-03
2.922741282160223192e-02
-5.793522621653575573e-03
4.549284165725044765e-02
-2.995404303735878151e-03
4.736018387896125115e-02
7.645032605667689135e-03
-6.264753532276910730e-02
7.181730758967679040e-02
-4.092191642591283540e-02
3.650142799084005185e-02
3.231180497808264218e-02
5.735630352428831152e-02
-4.661158039882197512e-02
2.086154603174053546e-02
6.524478506542970291e-02
-7.750447421184196439e-02
-3.161976989799875765e-02
5.839673808166034874e-02
-1.072323152165177568e-01
7.744313061649819863e-02
3.123813473940008703e-02
-5.587625742388838829e-02
8.760505650322490678e-02
2.065479735743146542e-02
1.235696381309601619e-02
-2.289398077103107706e-02
-2.974410542932317408e-02
-3.665234844106290274e-02
1.218571888662198788e-01
1.203073618946527354e-02
-5.628887375668590459e-02
7.081720670025029585e-02
6.143732019702143748e-02
-1.284290509244987444e-01
1.779470313036473836e-02
2.359307829682725025e-02
-2.788152456153412603e-02
5.888936862428247737e-02
-2.914751410865309804e-03
4.032269863727711706e-02
1.404140246638794359e-02
-2.575336072399851683e-02
6.276917968338823969e-03
-5.392581879127500422e-03
-5.716996165684878894e-02
1.313806855307327326e-01
-5.960277020667557185e-02
-4.742293688865005519e-02
6.785071911855967974e-02
5.597319391971927044e-02
-5.215183510564577740e-02
2.689465625375120003e-03
2.478350726925405978e-02
4.542224925064046459e-02
-9.223684375195793927e-03
-2.077504046948873070e-02
9.460577507193310143e-02
-2.510490224190265601e-02
-6.467499691835501552e-02
2.903529537229696325e-02
-3.929041077541488985e-02
2.786750154296640733e-02
-4.963421366441651307e-03
4.200317341429287560e-02
-4.974410833083424410e-02
7.816758447187260872e-02
3.026967963302016132e-02
-1.138891760483243809e-01
7.047891965888809784e-02
7.115374879474525849e-02
-9.320295667278066798e-02
5.107699404099716456e-02
-9.096365715020567413e-03
-4.014368681422655905e-02
-7.245764916387517976e-03
6.187557463433667609e-02
6.819973402839806659e-03
-7.211779872953066363e-03
2.759681595681861069e-02
4.431188795997646236e-03
-7.348699270872147138e-02
5.516708403033353247e-02
7.802553883216491182e-02
-7.978474773519457844e-03
-1.137667712035611289e-01
4.244886980259343634e-02
-7.471487252191552977e-03
-2.749553733157690440e-03
9.573331575754925535e-03
-2.325675596611570181e-02
2.499658403071953680e-02
9.837703596973286502e-03
1.140063443286007047e-02
5.698749723455821120e-02
-6.761281417305625707e-02
5.789302894423745127e-02
-8.775087092906848352e-02
8.104649468625475806e-02
-8.510929127342067857e-02
5.671792243866213140e-02
1.164672655410236603e-02
-8.712671355807910523e-02
1.190626940085163926e-01
-6.412848385537942009e-02
4.349545083851872468e-02
-2.718857117370282201e-03
1.787849916508687381e-02
-2.838587228108261154e-02
-3.465693885832180077e-02
4.340885355322892519e-02
4.267593159935503117e-02
3.501210558092446540e-04
-9.666331404498772206e-02
8.332796879292508896e-02
-2.774415510745354557e-02
1.839835268412611316e-02
-1.227169027823100077e-02
-4.481408127650862716e-02
2.040912005373368004e-02
5.614756061810799448e-02
-3.542955481937631185e-02
4.033925224400997100e-02
-8.989217990310891318e-03
3.154731757859217944e-02
4.621240744866157019e-02
-9.365493122622463307e-02
-3.679807656068552479e-02
3.451315369672046385e-02
7.605542527026100397e-02
-7.314286389164940429e-03
2.526873321607516886e-03
6.490463991077530248e-02
-8.141030740514572372e-02
-5.576879834722144047e-02
7.934649096364060350e-02
-6.279095788387309418e-02
-1.238940304258628368e-02
-2.348639923058302298e-02
1.817280403993208962e-02
8.547518979001389461e-02
-1.124083362398613090e-01
1.549382632341807231e-01
2.020585281037115544e-02
-9.774329446721012615e-02
1.233341034206748496e-02
-7.451525634261423059e-02
9.866532366276527244e-02
-6.854226865640866868e-03
6.392461899679470483e-02
1.054649261098415149e-02
-6.448398566456531311e-02
-2.186016137812199500e-02
-3.275611548279952490e-02
-1.576826449070447764e-02
4.125080494421480559e-02
-5.952152206694521358e-02
1.059539482046867598e-01
-2.243737126846721483e-02
-1.470263420942433952e-01
1.469446946848534941e-01
1.027713762564446548e-02
8.966969891806686466e-02
-3.262200249564654181e-02
-3.687209604069790342e-02
8.602960480628266127e-02
-9.562708575631642671e-02
-5.857414118318063356e-02
1.183211409478593379e-01
-1.847616645374466210e-02
4.250908881428721448e-02
-1.523546610859917161e-01
2.688530709375570524e-02
5.158203194202147512e-02
-5.466386318841753161e-02
6.281526625889218007e-02
1.146066853924370826e-01
-4.777354314140412617e-02
-3.850175269178494203e-02
-4.237223793946626182e-02
1.059002994967562887e-02
-5.575999952615053740e-02
2.727943703653629322e-03
1.275631706581920044e-01
-7.738038368529286115e-02
-6.103614970365631859e-02
4.387263846085807939e-02
-2.069449151158923514e-02
6.380843751574045986e-02
-3.286363873842915173e-02
4.616974417808487885e-02
-4.421760541492814750e-02
6.380526640397296556e-02
-6.813061811526623275e-03
-5.533532190180490834e-02
-9.961817500447231976e-05
-4.045353381175741158e-04
-7.075583008900906967e-02
3.386448895221046834e-02
-5.301177026286402194e-02
3.451145286370854715e-02
2.877972607013582623e-02
3.089045433793737028e-02
2.072878129136071501e-02
5.940157277053903853e-03
-8.285125505821720748e-02
-8.637080268866573207e-02
1.663370324553977708e-01
7.700369814911531274e-02
-3.246661659673080735e-02
5.683532175730844627e-02
-1.553122027189228760e-01
9.718029974900958823e-02
-3.978699213801775714e-02
-3.738461032516454674e-02
-6.872074816307671696e-02
7.508533077147688806e-02
1.590596535066455403e-02
7.300149628446842009e-03
-6.043819095254274187e-02
7.485652923084301635e-02
-5.319666921519380573e-03
-2.248755985552196301e-02
4.740913174179142708e-02
6.008926600111847739e-03
-6.743458915176586688e-02
5.426427445778562314e-02
-7.190845397350513479e-02
5.877168446659087470e-02
4.107864576381822092e-02
-9.614480092816587997e-02
6.524830760634431001e-03
-2.580401442195333350e-02
8.247673815750384413e-03
1.630810761303925355e-02
4.070360074267484474e-02
3.825646229364960006e-03
-3.317139387216257868e-02
4.902540884695023859e-02
-9.676662433945205921e-02
-5.783004014633078178e-03
-1.337156319107933155e-03
6.767698167955019106e-02
9.766489251381259284e-04
4.066709655251791143e-03
-6.086060775918224891e-02
1.069757786437930958e-01
-4.172631589405200597e-02
-4.983038483579715211e-02
6.184523099616392322e-02
-1.442536277882363119e-02
1.900402640024679429e-02
-6.069750973431782548e-02
5.059901388013988976e-02
3.266351420245721272e-03
-5.798071707089175880e-02
-4.022749847320245681e-02
7.846711220702552725e-02
-7.882841062591280923e-02
7.658574955643562138e-03
6.852090261609457278e-02
-3.753332103406247650e-02
-5.881251919712722487e-02
1.081595467183014136e-01
5.281528013335066302e-02
-1.615763284033712721e-01
3.548395155615662044e-02
